1:2,3,4,5,16,6,75,7,8,9
2:9,1,3,13,12,11
3:1,4,13,2
4:1,16,5,14,13,3
5:16,15,14,4,1
6:17,16,1,75
7:17,75,1,8
8:7,1
9:1,2,11,10
10:9,11
11:10,9,2,12,59
12:2,13,60,58,59,11
13:2,3,4,14,51,52,53,54,56,60,12
14:5,15,33,34,49,50,51,13,4
15:22,32,33,14,5,16
16:17,22,15,5,4,1,6
17:18,21,22,16,6,75,7
18:19,21,17
19:20,21,18
20:25,24,21,19
21:19,20,24,23,22,17,18
22:21,23,31,32,15,16,17
23:21,24,28,29,31,22
24:20,25,27,30,28,23,21
25:26,27,24,20
26:38,39,27,25
27:25,26,39,37,29,30,24
28:24,30,29,23
29:28,30,27,37,31,23
30:24,27,29,28
31:29,37,36,35,33,32,22,23
32:22,31,33,15
33:32,31,35,34,14,15
34:33,35,49,14
35:31,36,48,49,34,33
36:37,40,43,44,48,35,31
37:27,39,40,36,31,29
38:39,26
39:38,42,41,40,37,27,26
40:39,41,43,36,37
41:39,42,43,40
42:39,43,41
43:40,41,42,45,44,36
44:36,43,45,46,47,48
45:43,46,44
46:44,45,47
47:44,46,49,48
48:36,44,47,49,35
49:35,48,47,50,14,34
50:14,49,74,73,72,51
51:14,50,72,52,13
52:13,51,72,73,70,64,53
53:13,52,64,54
54:13,53,64,55,56
55:56,54,64,57
56:13,54,55,57,60
57:60,56,55,64,61
58:59,12,60
59:11,12,58
60:12,13,56,57,61,58
61:60,57,64,62
62:61,64,67,65,63
63:62,67,65
64:57,55,54,53,52,70,67,62
65:63,62,67,66
66:65
67:64,70,68,65,63,62
68:67,70,69
69:70,71,68
70:52,73,71,69,68,67,64
71:73,74,69,70
72:51,50,73,52
73:50,74,71,70,52,72
74:50,71,73
75:7,17,6,1